-30,137,pJroiy9JPPjQ6WkXMDnXdZVXKVM=,UGwfpGTjaTI2gw0DUoAcdakBTzw=
-31,138,pJroiy9JPPjQ6WkXMDnXdZVXKVM=,UGwfpGTjaTI2gw0DUoAcdakBTzw=
-30,138,pJroiy9JPPjQ6WkXMDnXdZVXKVM=,UGwfpGTjaTI2gw0DUoAcdakBTzw=
-31,137,pJroiy9JPPjQ6WkXMDnXdZVXKVM=,UGwfpGTjaTI2gw0DUoAcdakBTzw=
-27,141,pJroiy9JPPjQ6WkXMDnXdZVXKVM=,XwIssu0HE8QmvyA9b4CKBdOuzjc=
-26,142,pJroiy9JPPjQ6WkXMDnXdZVXKVM=,XwIssu0HE8QmvyA9b4CKBdOuzjc=
-27,142,pJroiy9JPPjQ6WkXMDnXdZVXKVM=,XwIssu0HE8QmvyA9b4CKBdOuzjc=
-26,141,pJroiy9JPPjQ6WkXMDnXdZVXKVM=,XwIssu0HE8QmvyA9b4CKBdOuzjc=
-27,133,pJroiy9JPPjQ6WkXMDnXdZVXKVM=,Ic40qT40+w90/sWvWhKWxIre/wE=
-27,134,pJroiy9JPPjQ6WkXMDnXdZVXKVM=,Ic40qT40+w90/sWvWhKWxIre/wE=
-26,133,pJroiy9JPPjQ6WkXMDnXdZVXKVM=,Ic40qT40+w90/sWvWhKWxIre/wE=
-28,137,pJroiy9JPPjQ6WkXMDnXdZVXKVM=,evUV4TezduTN2O9dA7ffGBNU6xg=
-27,135,pJroiy9JPPjQ6WkXMDnXdZVXKVM=,Ic40qT40+w90/sWvWhKWxIre/wE=
-29,138,pJroiy9JPPjQ6WkXMDnXdZVXKVM=,UGwfpGTjaTI2gw0DUoAcdakBTzw=
-26,134,pJroiy9JPPjQ6WkXMDnXdZVXKVM=,Ic40qT40+w90/sWvWhKWxIre/wE=
-26,138,pJroiy9JPPjQ6WkXMDnXdZVXKVM=,evUV4TezduTN2O9dA7ffGBNU6xg=
-29,137,pJroiy9JPPjQ6WkXMDnXdZVXKVM=,UGwfpGTjaTI2gw0DUoAcdakBTzw=
-26,135,pJroiy9JPPjQ6WkXMDnXdZVXKVM=,Ic40qT40+w90/sWvWhKWxIre/wE=
-27,136,pJroiy9JPPjQ6WkXMDnXdZVXKVM=,evUV4TezduTN2O9dA7ffGBNU6xg=
-26,140,pJroiy9JPPjQ6WkXMDnXdZVXKVM=,XwIssu0HE8QmvyA9b4CKBdOuzjc=
-27,140,pJroiy9JPPjQ6WkXMDnXdZVXKVM=,XwIssu0HE8QmvyA9b4CKBdOuzjc=
-27,137,pJroiy9JPPjQ6WkXMDnXdZVXKVM=,evUV4TezduTN2O9dA7ffGBNU6xg=
-26,137,pJroiy9JPPjQ6WkXMDnXdZVXKVM=,evUV4TezduTN2O9dA7ffGBNU6xg=
-26,139,pJroiy9JPPjQ6WkXMDnXdZVXKVM=,evUV4TezduTN2O9dA7ffGBNU6xg=
-26,136,pJroiy9JPPjQ6WkXMDnXdZVXKVM=,evUV4TezduTN2O9dA7ffGBNU6xg=
-28,138,pJroiy9JPPjQ6WkXMDnXdZVXKVM=,evUV4TezduTN2O9dA7ffGBNU6xg=
-27,139,pJroiy9JPPjQ6WkXMDnXdZVXKVM=,evUV4TezduTN2O9dA7ffGBNU6xg=
-27,138,pJroiy9JPPjQ6WkXMDnXdZVXKVM=,evUV4TezduTN2O9dA7ffGBNU6xg=
-31,139,pJroiy9JPPjQ6WkXMDnXdZVXKVM=,UGwfpGTjaTI2gw0DUoAcdakBTzw=
-28,142,pJroiy9JPPjQ6WkXMDnXdZVXKVM=,XwIssu0HE8QmvyA9b4CKBdOuzjc=
-30,139,pJroiy9JPPjQ6WkXMDnXdZVXKVM=,UGwfpGTjaTI2gw0DUoAcdakBTzw=
-28,141,pJroiy9JPPjQ6WkXMDnXdZVXKVM=,XwIssu0HE8QmvyA9b4CKBdOuzjc=
-28,140,pJroiy9JPPjQ6WkXMDnXdZVXKVM=,XwIssu0HE8QmvyA9b4CKBdOuzjc=
-29,141,pJroiy9JPPjQ6WkXMDnXdZVXKVM=,jivZCXI+vv8L8cgI5byAtWngSQA=
-29,139,pJroiy9JPPjQ6WkXMDnXdZVXKVM=,UGwfpGTjaTI2gw0DUoAcdakBTzw=
-30,142,pJroiy9JPPjQ6WkXMDnXdZVXKVM=,jivZCXI+vv8L8cgI5byAtWngSQA=
-29,140,pJroiy9JPPjQ6WkXMDnXdZVXKVM=,jivZCXI+vv8L8cgI5byAtWngSQA=
-29,142,pJroiy9JPPjQ6WkXMDnXdZVXKVM=,jivZCXI+vv8L8cgI5byAtWngSQA=
-31,140,pJroiy9JPPjQ6WkXMDnXdZVXKVM=,jivZCXI+vv8L8cgI5byAtWngSQA=
-30,141,pJroiy9JPPjQ6WkXMDnXdZVXKVM=,jivZCXI+vv8L8cgI5byAtWngSQA=
-25,137,pJroiy9JPPjQ6WkXMDnXdZVXKVM=,evUV4TezduTN2O9dA7ffGBNU6xg=
-25,138,pJroiy9JPPjQ6WkXMDnXdZVXKVM=,evUV4TezduTN2O9dA7ffGBNU6xg=
-30,140,pJroiy9JPPjQ6WkXMDnXdZVXKVM=,jivZCXI+vv8L8cgI5byAtWngSQA=
-28,139,pJroiy9JPPjQ6WkXMDnXdZVXKVM=,evUV4TezduTN2O9dA7ffGBNU6xg=
-28,135,pJroiy9JPPjQ6WkXMDnXdZVXKVM=,Ic40qT40+w90/sWvWhKWxIre/wE=
-31,136,pJroiy9JPPjQ6WkXMDnXdZVXKVM=,UGwfpGTjaTI2gw0DUoAcdakBTzw=
-30,136,pJroiy9JPPjQ6WkXMDnXdZVXKVM=,UGwfpGTjaTI2gw0DUoAcdakBTzw=
-29,136,pJroiy9JPPjQ6WkXMDnXdZVXKVM=,UGwfpGTjaTI2gw0DUoAcdakBTzw=
-28,133,pJroiy9JPPjQ6WkXMDnXdZVXKVM=,Ic40qT40+w90/sWvWhKWxIre/wE=
-28,136,pJroiy9JPPjQ6WkXMDnXdZVXKVM=,evUV4TezduTN2O9dA7ffGBNU6xg=
-28,134,pJroiy9JPPjQ6WkXMDnXdZVXKVM=,Ic40qT40+w90/sWvWhKWxIre/wE=
-25,140,pJroiy9JPPjQ6WkXMDnXdZVXKVM=,XwIssu0HE8QmvyA9b4CKBdOuzjc=
-25,141,pJroiy9JPPjQ6WkXMDnXdZVXKVM=,XwIssu0HE8QmvyA9b4CKBdOuzjc=
-25,139,pJroiy9JPPjQ6WkXMDnXdZVXKVM=,evUV4TezduTN2O9dA7ffGBNU6xg=
-25,142,pJroiy9JPPjQ6WkXMDnXdZVXKVM=,XwIssu0HE8QmvyA9b4CKBdOuzjc=
-31,143,pJroiy9JPPjQ6WkXMDnXdZVXKVM=,jivZCXI+vv8L8cgI5byAtWngSQA=
-30,143,pJroiy9JPPjQ6WkXMDnXdZVXKVM=,jivZCXI+vv8L8cgI5byAtWngSQA=
-31,141,pJroiy9JPPjQ6WkXMDnXdZVXKVM=,jivZCXI+vv8L8cgI5byAtWngSQA=
-21,128,pJroiy9JPPjQ6WkXMDnXdZVXKVM=,eDc41SdBLDiIgj0weOYhVGnm4+M=
-23,129,pJroiy9JPPjQ6WkXMDnXdZVXKVM=,eDc41SdBLDiIgj0weOYhVGnm4+M=
-22,129,pJroiy9JPPjQ6WkXMDnXdZVXKVM=,eDc41SdBLDiIgj0weOYhVGnm4+M=
-21,129,pJroiy9JPPjQ6WkXMDnXdZVXKVM=,eDc41SdBLDiIgj0weOYhVGnm4+M=
-23,130,pJroiy9JPPjQ6WkXMDnXdZVXKVM=,eDc41SdBLDiIgj0weOYhVGnm4+M=
-22,130,pJroiy9JPPjQ6WkXMDnXdZVXKVM=,eDc41SdBLDiIgj0weOYhVGnm4+M=
-23,128,pJroiy9JPPjQ6WkXMDnXdZVXKVM=,eDc41SdBLDiIgj0weOYhVGnm4+M=
-21,130,pJroiy9JPPjQ6WkXMDnXdZVXKVM=,eDc41SdBLDiIgj0weOYhVGnm4+M=
-22,128,pJroiy9JPPjQ6WkXMDnXdZVXKVM=,eDc41SdBLDiIgj0weOYhVGnm4+M=
-25,143,pJroiy9JPPjQ6WkXMDnXdZVXKVM=,XwIssu0HE8QmvyA9b4CKBdOuzjc=
-32,141,pJroiy9JPPjQ6WkXMDnXdZVXKVM=,jivZCXI+vv8L8cgI5byAtWngSQA=
-32,139,pJroiy9JPPjQ6WkXMDnXdZVXKVM=,UGwfpGTjaTI2gw0DUoAcdakBTzw=
-32,138,pJroiy9JPPjQ6WkXMDnXdZVXKVM=,UGwfpGTjaTI2gw0DUoAcdakBTzw=
-32,140,pJroiy9JPPjQ6WkXMDnXdZVXKVM=,jivZCXI+vv8L8cgI5byAtWngSQA=
-32,143,pJroiy9JPPjQ6WkXMDnXdZVXKVM=,jivZCXI+vv8L8cgI5byAtWngSQA=
-32,136,pJroiy9JPPjQ6WkXMDnXdZVXKVM=,UGwfpGTjaTI2gw0DUoAcdakBTzw=
-29,143,pJroiy9JPPjQ6WkXMDnXdZVXKVM=,jivZCXI+vv8L8cgI5byAtWngSQA=
-32,142,pJroiy9JPPjQ6WkXMDnXdZVXKVM=,jivZCXI+vv8L8cgI5byAtWngSQA=
-26,143,pJroiy9JPPjQ6WkXMDnXdZVXKVM=,XwIssu0HE8QmvyA9b4CKBdOuzjc=
-27,143,pJroiy9JPPjQ6WkXMDnXdZVXKVM=,XwIssu0HE8QmvyA9b4CKBdOuzjc=
-28,143,pJroiy9JPPjQ6WkXMDnXdZVXKVM=,XwIssu0HE8QmvyA9b4CKBdOuzjc=
-25,136,pJroiy9JPPjQ6WkXMDnXdZVXKVM=,evUV4TezduTN2O9dA7ffGBNU6xg=
-21,132,pJroiy9JPPjQ6WkXMDnXdZVXKVM=,wztoOHNLjYYcU9aduVgPgAL3hnE=
-22,132,pJroiy9JPPjQ6WkXMDnXdZVXKVM=,wztoOHNLjYYcU9aduVgPgAL3hnE=
-23,132,pJroiy9JPPjQ6WkXMDnXdZVXKVM=,wztoOHNLjYYcU9aduVgPgAL3hnE=
-21,131,pJroiy9JPPjQ6WkXMDnXdZVXKVM=,eDc41SdBLDiIgj0weOYhVGnm4+M=
-21,134,pJroiy9JPPjQ6WkXMDnXdZVXKVM=,wztoOHNLjYYcU9aduVgPgAL3hnE=
-22,134,pJroiy9JPPjQ6WkXMDnXdZVXKVM=,wztoOHNLjYYcU9aduVgPgAL3hnE=
-32,137,pJroiy9JPPjQ6WkXMDnXdZVXKVM=,UGwfpGTjaTI2gw0DUoAcdakBTzw=
-31,142,pJroiy9JPPjQ6WkXMDnXdZVXKVM=,jivZCXI+vv8L8cgI5byAtWngSQA=
-21,133,pJroiy9JPPjQ6WkXMDnXdZVXKVM=,wztoOHNLjYYcU9aduVgPgAL3hnE=
-21,135,pJroiy9JPPjQ6WkXMDnXdZVXKVM=,wztoOHNLjYYcU9aduVgPgAL3hnE=
-22,133,pJroiy9JPPjQ6WkXMDnXdZVXKVM=,wztoOHNLjYYcU9aduVgPgAL3hnE=
-23,134,pJroiy9JPPjQ6WkXMDnXdZVXKVM=,wztoOHNLjYYcU9aduVgPgAL3hnE=
-24,133,pJroiy9JPPjQ6WkXMDnXdZVXKVM=,wztoOHNLjYYcU9aduVgPgAL3hnE=
-23,133,pJroiy9JPPjQ6WkXMDnXdZVXKVM=,wztoOHNLjYYcU9aduVgPgAL3hnE=
-24,135,pJroiy9JPPjQ6WkXMDnXdZVXKVM=,wztoOHNLjYYcU9aduVgPgAL3hnE=
-23,135,pJroiy9JPPjQ6WkXMDnXdZVXKVM=,wztoOHNLjYYcU9aduVgPgAL3hnE=
-23,131,pJroiy9JPPjQ6WkXMDnXdZVXKVM=,eDc41SdBLDiIgj0weOYhVGnm4+M=
-25,133,pJroiy9JPPjQ6WkXMDnXdZVXKVM=,Ic40qT40+w90/sWvWhKWxIre/wE=
-22,135,pJroiy9JPPjQ6WkXMDnXdZVXKVM=,wztoOHNLjYYcU9aduVgPgAL3hnE=
-25,135,pJroiy9JPPjQ6WkXMDnXdZVXKVM=,Ic40qT40+w90/sWvWhKWxIre/wE=
-24,134,pJroiy9JPPjQ6WkXMDnXdZVXKVM=,wztoOHNLjYYcU9aduVgPgAL3hnE=
-28,129,pJroiy9JPPjQ6WkXMDnXdZVXKVM=,VTjbisNlob6GY0rYiAv77RCVp4M=
-25,134,pJroiy9JPPjQ6WkXMDnXdZVXKVM=,Ic40qT40+w90/sWvWhKWxIre/wE=
-26,130,pJroiy9JPPjQ6WkXMDnXdZVXKVM=,VTjbisNlob6GY0rYiAv77RCVp4M=
-24,131,pJroiy9JPPjQ6WkXMDnXdZVXKVM=,eDc41SdBLDiIgj0weOYhVGnm4+M=
-22,131,pJroiy9JPPjQ6WkXMDnXdZVXKVM=,eDc41SdBLDiIgj0weOYhVGnm4+M=
-24,129,pJroiy9JPPjQ6WkXMDnXdZVXKVM=,eDc41SdBLDiIgj0weOYhVGnm4+M=
-28,128,pJroiy9JPPjQ6WkXMDnXdZVXKVM=,VTjbisNlob6GY0rYiAv77RCVp4M=
-27,128,pJroiy9JPPjQ6WkXMDnXdZVXKVM=,VTjbisNlob6GY0rYiAv77RCVp4M=
-25,131,pJroiy9JPPjQ6WkXMDnXdZVXKVM=,VTjbisNlob6GY0rYiAv77RCVp4M=
-24,128,pJroiy9JPPjQ6WkXMDnXdZVXKVM=,eDc41SdBLDiIgj0weOYhVGnm4+M=
-26,128,pJroiy9JPPjQ6WkXMDnXdZVXKVM=,VTjbisNlob6GY0rYiAv77RCVp4M=
-28,132,pJroiy9JPPjQ6WkXMDnXdZVXKVM=,Ic40qT40+w90/sWvWhKWxIre/wE=
-28,131,pJroiy9JPPjQ6WkXMDnXdZVXKVM=,VTjbisNlob6GY0rYiAv77RCVp4M=
-27,129,pJroiy9JPPjQ6WkXMDnXdZVXKVM=,VTjbisNlob6GY0rYiAv77RCVp4M=
-24,130,pJroiy9JPPjQ6WkXMDnXdZVXKVM=,eDc41SdBLDiIgj0weOYhVGnm4+M=
-27,132,pJroiy9JPPjQ6WkXMDnXdZVXKVM=,Ic40qT40+w90/sWvWhKWxIre/wE=
-26,132,pJroiy9JPPjQ6WkXMDnXdZVXKVM=,Ic40qT40+w90/sWvWhKWxIre/wE=
-24,132,pJroiy9JPPjQ6WkXMDnXdZVXKVM=,wztoOHNLjYYcU9aduVgPgAL3hnE=
-26,131,pJroiy9JPPjQ6WkXMDnXdZVXKVM=,VTjbisNlob6GY0rYiAv77RCVp4M=
-27,130,pJroiy9JPPjQ6WkXMDnXdZVXKVM=,VTjbisNlob6GY0rYiAv77RCVp4M=
-27,131,pJroiy9JPPjQ6WkXMDnXdZVXKVM=,VTjbisNlob6GY0rYiAv77RCVp4M=
-28,130,pJroiy9JPPjQ6WkXMDnXdZVXKVM=,VTjbisNlob6GY0rYiAv77RCVp4M=
-25,132,pJroiy9JPPjQ6WkXMDnXdZVXKVM=,Ic40qT40+w90/sWvWhKWxIre/wE=
-25,128,pJroiy9JPPjQ6WkXMDnXdZVXKVM=,VTjbisNlob6GY0rYiAv77RCVp4M=
-26,129,pJroiy9JPPjQ6WkXMDnXdZVXKVM=,VTjbisNlob6GY0rYiAv77RCVp4M=
-25,130,pJroiy9JPPjQ6WkXMDnXdZVXKVM=,VTjbisNlob6GY0rYiAv77RCVp4M=
-25,129,pJroiy9JPPjQ6WkXMDnXdZVXKVM=,VTjbisNlob6GY0rYiAv77RCVp4M=
-31,146,pJroiy9JPPjQ6WkXMDnXdZVXKVM=,E6Jl4UoL8GT5pOx76uk8u2yXqio=
-30,145,pJroiy9JPPjQ6WkXMDnXdZVXKVM=,E6Jl4UoL8GT5pOx76uk8u2yXqio=
-31,145,pJroiy9JPPjQ6WkXMDnXdZVXKVM=,E6Jl4UoL8GT5pOx76uk8u2yXqio=
-30,146,pJroiy9JPPjQ6WkXMDnXdZVXKVM=,E6Jl4UoL8GT5pOx76uk8u2yXqio=
-27,149,pJroiy9JPPjQ6WkXMDnXdZVXKVM=,CMV2+yVRGhqlMaQJvyZTBWPUDjE=
-26,150,pJroiy9JPPjQ6WkXMDnXdZVXKVM=,CMV2+yVRGhqlMaQJvyZTBWPUDjE=
-27,150,pJroiy9JPPjQ6WkXMDnXdZVXKVM=,CMV2+yVRGhqlMaQJvyZTBWPUDjE=
-26,149,pJroiy9JPPjQ6WkXMDnXdZVXKVM=,CMV2+yVRGhqlMaQJvyZTBWPUDjE=
-27,151,pJroiy9JPPjQ6WkXMDnXdZVXKVM=,CMV2+yVRGhqlMaQJvyZTBWPUDjE=
-26,151,pJroiy9JPPjQ6WkXMDnXdZVXKVM=,CMV2+yVRGhqlMaQJvyZTBWPUDjE=
-30,149,pJroiy9JPPjQ6WkXMDnXdZVXKVM=,g8kgfk8IuRehgUY//r7Ura858lI=
-29,149,pJroiy9JPPjQ6WkXMDnXdZVXKVM=,g8kgfk8IuRehgUY//r7Ura858lI=
-31,149,pJroiy9JPPjQ6WkXMDnXdZVXKVM=,g8kgfk8IuRehgUY//r7Ura858lI=
-31,150,pJroiy9JPPjQ6WkXMDnXdZVXKVM=,g8kgfk8IuRehgUY//r7Ura858lI=
-30,148,pJroiy9JPPjQ6WkXMDnXdZVXKVM=,g8kgfk8IuRehgUY//r7Ura858lI=
-31,148,pJroiy9JPPjQ6WkXMDnXdZVXKVM=,g8kgfk8IuRehgUY//r7Ura858lI=
-30,147,pJroiy9JPPjQ6WkXMDnXdZVXKVM=,E6Jl4UoL8GT5pOx76uk8u2yXqio=
-31,147,pJroiy9JPPjQ6WkXMDnXdZVXKVM=,E6Jl4UoL8GT5pOx76uk8u2yXqio=
-28,150,pJroiy9JPPjQ6WkXMDnXdZVXKVM=,CMV2+yVRGhqlMaQJvyZTBWPUDjE=
-30,150,pJroiy9JPPjQ6WkXMDnXdZVXKVM=,g8kgfk8IuRehgUY//r7Ura858lI=
-28,149,pJroiy9JPPjQ6WkXMDnXdZVXKVM=,CMV2+yVRGhqlMaQJvyZTBWPUDjE=
-29,150,pJroiy9JPPjQ6WkXMDnXdZVXKVM=,g8kgfk8IuRehgUY//r7Ura858lI=
-26,148,pJroiy9JPPjQ6WkXMDnXdZVXKVM=,CMV2+yVRGhqlMaQJvyZTBWPUDjE=
-27,148,pJroiy9JPPjQ6WkXMDnXdZVXKVM=,CMV2+yVRGhqlMaQJvyZTBWPUDjE=
-28,147,pJroiy9JPPjQ6WkXMDnXdZVXKVM=,Kr+Mye8xQYand3vWH8SpwDfxJPg=
-29,145,pJroiy9JPPjQ6WkXMDnXdZVXKVM=,E6Jl4UoL8GT5pOx76uk8u2yXqio=
-28,146,pJroiy9JPPjQ6WkXMDnXdZVXKVM=,Kr+Mye8xQYand3vWH8SpwDfxJPg=
-29,147,pJroiy9JPPjQ6WkXMDnXdZVXKVM=,E6Jl4UoL8GT5pOx76uk8u2yXqio=
-29,146,pJroiy9JPPjQ6WkXMDnXdZVXKVM=,E6Jl4UoL8GT5pOx76uk8u2yXqio=
-26,147,pJroiy9JPPjQ6WkXMDnXdZVXKVM=,Kr+Mye8xQYand3vWH8SpwDfxJPg=
-27,146,pJroiy9JPPjQ6WkXMDnXdZVXKVM=,Kr+Mye8xQYand3vWH8SpwDfxJPg=
-27,145,pJroiy9JPPjQ6WkXMDnXdZVXKVM=,Kr+Mye8xQYand3vWH8SpwDfxJPg=
-28,145,pJroiy9JPPjQ6WkXMDnXdZVXKVM=,Kr+Mye8xQYand3vWH8SpwDfxJPg=
-25,145,pJroiy9JPPjQ6WkXMDnXdZVXKVM=,Kr+Mye8xQYand3vWH8SpwDfxJPg=
-25,146,pJroiy9JPPjQ6WkXMDnXdZVXKVM=,Kr+Mye8xQYand3vWH8SpwDfxJPg=
-29,148,pJroiy9JPPjQ6WkXMDnXdZVXKVM=,g8kgfk8IuRehgUY//r7Ura858lI=
-26,146,pJroiy9JPPjQ6WkXMDnXdZVXKVM=,Kr+Mye8xQYand3vWH8SpwDfxJPg=
-28,148,pJroiy9JPPjQ6WkXMDnXdZVXKVM=,CMV2+yVRGhqlMaQJvyZTBWPUDjE=
-26,145,pJroiy9JPPjQ6WkXMDnXdZVXKVM=,Kr+Mye8xQYand3vWH8SpwDfxJPg=
-32,149,pJroiy9JPPjQ6WkXMDnXdZVXKVM=,g8kgfk8IuRehgUY//r7Ura858lI=
-32,150,pJroiy9JPPjQ6WkXMDnXdZVXKVM=,g8kgfk8IuRehgUY//r7Ura858lI=
-27,147,pJroiy9JPPjQ6WkXMDnXdZVXKVM=,Kr+Mye8xQYand3vWH8SpwDfxJPg=
-25,147,pJroiy9JPPjQ6WkXMDnXdZVXKVM=,Kr+Mye8xQYand3vWH8SpwDfxJPg=
-25,149,pJroiy9JPPjQ6WkXMDnXdZVXKVM=,CMV2+yVRGhqlMaQJvyZTBWPUDjE=
-25,150,pJroiy9JPPjQ6WkXMDnXdZVXKVM=,CMV2+yVRGhqlMaQJvyZTBWPUDjE=
-25,148,pJroiy9JPPjQ6WkXMDnXdZVXKVM=,CMV2+yVRGhqlMaQJvyZTBWPUDjE=
-32,145,pJroiy9JPPjQ6WkXMDnXdZVXKVM=,E6Jl4UoL8GT5pOx76uk8u2yXqio=
-32,148,pJroiy9JPPjQ6WkXMDnXdZVXKVM=,g8kgfk8IuRehgUY//r7Ura858lI=
-25,144,pJroiy9JPPjQ6WkXMDnXdZVXKVM=,Kr+Mye8xQYand3vWH8SpwDfxJPg=
-32,147,pJroiy9JPPjQ6WkXMDnXdZVXKVM=,E6Jl4UoL8GT5pOx76uk8u2yXqio=
-25,151,pJroiy9JPPjQ6WkXMDnXdZVXKVM=,CMV2+yVRGhqlMaQJvyZTBWPUDjE=
-27,144,pJroiy9JPPjQ6WkXMDnXdZVXKVM=,Kr+Mye8xQYand3vWH8SpwDfxJPg=
-32,146,pJroiy9JPPjQ6WkXMDnXdZVXKVM=,E6Jl4UoL8GT5pOx76uk8u2yXqio=
-30,144,pJroiy9JPPjQ6WkXMDnXdZVXKVM=,E6Jl4UoL8GT5pOx76uk8u2yXqio=
-26,144,pJroiy9JPPjQ6WkXMDnXdZVXKVM=,Kr+Mye8xQYand3vWH8SpwDfxJPg=
-29,144,pJroiy9JPPjQ6WkXMDnXdZVXKVM=,E6Jl4UoL8GT5pOx76uk8u2yXqio=
-32,144,pJroiy9JPPjQ6WkXMDnXdZVXKVM=,E6Jl4UoL8GT5pOx76uk8u2yXqio=
-28,144,pJroiy9JPPjQ6WkXMDnXdZVXKVM=,Kr+Mye8xQYand3vWH8SpwDfxJPg=
-31,144,pJroiy9JPPjQ6WkXMDnXdZVXKVM=,E6Jl4UoL8GT5pOx76uk8u2yXqio=
-28,151,pJroiy9JPPjQ6WkXMDnXdZVXKVM=,CMV2+yVRGhqlMaQJvyZTBWPUDjE=
-30,154,pJroiy9JPPjQ6WkXMDnXdZVXKVM=,lVmYnpMAR/+c8LW2p3bxwcsnZFo=
-29,151,pJroiy9JPPjQ6WkXMDnXdZVXKVM=,g8kgfk8IuRehgUY//r7Ura858lI=
-29,154,pJroiy9JPPjQ6WkXMDnXdZVXKVM=,lVmYnpMAR/+c8LW2p3bxwcsnZFo=
-32,154,pJroiy9JPPjQ6WkXMDnXdZVXKVM=,lVmYnpMAR/+c8LW2p3bxwcsnZFo=
-29,153,pJroiy9JPPjQ6WkXMDnXdZVXKVM=,lVmYnpMAR/+c8LW2p3bxwcsnZFo=
-30,152,pJroiy9JPPjQ6WkXMDnXdZVXKVM=,lVmYnpMAR/+c8LW2p3bxwcsnZFo=
-29,152,pJroiy9JPPjQ6WkXMDnXdZVXKVM=,lVmYnpMAR/+c8LW2p3bxwcsnZFo=
-32,157,pJroiy9JPPjQ6WkXMDnXdZVXKVM=,519iEE1JD/sc8qhQbb4DGZBLAB8=
-30,151,pJroiy9JPPjQ6WkXMDnXdZVXKVM=,g8kgfk8IuRehgUY//r7Ura858lI=
-29,156,pJroiy9JPPjQ6WkXMDnXdZVXKVM=,519iEE1JD/sc8qhQbb4DGZBLAB8=
-32,153,pJroiy9JPPjQ6WkXMDnXdZVXKVM=,lVmYnpMAR/+c8LW2p3bxwcsnZFo=
-32,151,pJroiy9JPPjQ6WkXMDnXdZVXKVM=,g8kgfk8IuRehgUY//r7Ura858lI=
-31,153,pJroiy9JPPjQ6WkXMDnXdZVXKVM=,lVmYnpMAR/+c8LW2p3bxwcsnZFo=
-30,153,pJroiy9JPPjQ6WkXMDnXdZVXKVM=,lVmYnpMAR/+c8LW2p3bxwcsnZFo=
-32,155,pJroiy9JPPjQ6WkXMDnXdZVXKVM=,lVmYnpMAR/+c8LW2p3bxwcsnZFo=
-29,159,pJroiy9JPPjQ6WkXMDnXdZVXKVM=,519iEE1JD/sc8qhQbb4DGZBLAB8=
-30,159,pJroiy9JPPjQ6WkXMDnXdZVXKVM=,519iEE1JD/sc8qhQbb4DGZBLAB8=
-31,152,pJroiy9JPPjQ6WkXMDnXdZVXKVM=,lVmYnpMAR/+c8LW2p3bxwcsnZFo=
-31,155,pJroiy9JPPjQ6WkXMDnXdZVXKVM=,lVmYnpMAR/+c8LW2p3bxwcsnZFo=
-30,156,pJroiy9JPPjQ6WkXMDnXdZVXKVM=,519iEE1JD/sc8qhQbb4DGZBLAB8=
-30,155,pJroiy9JPPjQ6WkXMDnXdZVXKVM=,lVmYnpMAR/+c8LW2p3bxwcsnZFo=
-29,158,pJroiy9JPPjQ6WkXMDnXdZVXKVM=,519iEE1JD/sc8qhQbb4DGZBLAB8=
-31,159,pJroiy9JPPjQ6WkXMDnXdZVXKVM=,519iEE1JD/sc8qhQbb4DGZBLAB8=
-31,151,pJroiy9JPPjQ6WkXMDnXdZVXKVM=,g8kgfk8IuRehgUY//r7Ura858lI=
-30,158,pJroiy9JPPjQ6WkXMDnXdZVXKVM=,519iEE1JD/sc8qhQbb4DGZBLAB8=
-32,156,pJroiy9JPPjQ6WkXMDnXdZVXKVM=,519iEE1JD/sc8qhQbb4DGZBLAB8=
-32,159,pJroiy9JPPjQ6WkXMDnXdZVXKVM=,519iEE1JD/sc8qhQbb4DGZBLAB8=
-29,155,pJroiy9JPPjQ6WkXMDnXdZVXKVM=,lVmYnpMAR/+c8LW2p3bxwcsnZFo=
-31,157,pJroiy9JPPjQ6WkXMDnXdZVXKVM=,519iEE1JD/sc8qhQbb4DGZBLAB8=
-29,157,pJroiy9JPPjQ6WkXMDnXdZVXKVM=,519iEE1JD/sc8qhQbb4DGZBLAB8=
-31,158,pJroiy9JPPjQ6WkXMDnXdZVXKVM=,519iEE1JD/sc8qhQbb4DGZBLAB8=
-32,152,pJroiy9JPPjQ6WkXMDnXdZVXKVM=,lVmYnpMAR/+c8LW2p3bxwcsnZFo=
-31,154,pJroiy9JPPjQ6WkXMDnXdZVXKVM=,lVmYnpMAR/+c8LW2p3bxwcsnZFo=
-31,156,pJroiy9JPPjQ6WkXMDnXdZVXKVM=,519iEE1JD/sc8qhQbb4DGZBLAB8=
-30,157,pJroiy9JPPjQ6WkXMDnXdZVXKVM=,519iEE1JD/sc8qhQbb4DGZBLAB8=
-32,158,pJroiy9JPPjQ6WkXMDnXdZVXKVM=,519iEE1JD/sc8qhQbb4DGZBLAB8=
-10,129,9UHAfjwFNrTQ8BcpSOK6jiXBCmM=,jzqTDEs9U/bDapWD+8gVIaHJxtg=
-11,128,9UHAfjwFNrTQ8BcpSOK6jiXBCmM=,jzqTDEs9U/bDapWD+8gVIaHJxtg=
-12,128,9UHAfjwFNrTQ8BcpSOK6jiXBCmM=,jzqTDEs9U/bDapWD+8gVIaHJxtg=
-11,129,9UHAfjwFNrTQ8BcpSOK6jiXBCmM=,jzqTDEs9U/bDapWD+8gVIaHJxtg=
-12,129,9UHAfjwFNrTQ8BcpSOK6jiXBCmM=,jzqTDEs9U/bDapWD+8gVIaHJxtg=
-10,131,9UHAfjwFNrTQ8BcpSOK6jiXBCmM=,jzqTDEs9U/bDapWD+8gVIaHJxtg=
-11,131,9UHAfjwFNrTQ8BcpSOK6jiXBCmM=,jzqTDEs9U/bDapWD+8gVIaHJxtg=
-12,131,9UHAfjwFNrTQ8BcpSOK6jiXBCmM=,jzqTDEs9U/bDapWD+8gVIaHJxtg=
-10,128,9UHAfjwFNrTQ8BcpSOK6jiXBCmM=,jzqTDEs9U/bDapWD+8gVIaHJxtg=
-10,130,9UHAfjwFNrTQ8BcpSOK6jiXBCmM=,jzqTDEs9U/bDapWD+8gVIaHJxtg=
-11,130,9UHAfjwFNrTQ8BcpSOK6jiXBCmM=,jzqTDEs9U/bDapWD+8gVIaHJxtg=
-12,130,9UHAfjwFNrTQ8BcpSOK6jiXBCmM=,jzqTDEs9U/bDapWD+8gVIaHJxtg=
-9,131,9UHAfjwFNrTQ8BcpSOK6jiXBCmM=,jzqTDEs9U/bDapWD+8gVIaHJxtg=
-9,128,9UHAfjwFNrTQ8BcpSOK6jiXBCmM=,jzqTDEs9U/bDapWD+8gVIaHJxtg=
-9,130,9UHAfjwFNrTQ8BcpSOK6jiXBCmM=,jzqTDEs9U/bDapWD+8gVIaHJxtg=
-7,131,9UHAfjwFNrTQ8BcpSOK6jiXBCmM=,dmMZS4EL0dnkYJjqI9+OKsj4Y18=
-5,129,9UHAfjwFNrTQ8BcpSOK6jiXBCmM=,dmMZS4EL0dnkYJjqI9+OKsj4Y18=
-5,131,9UHAfjwFNrTQ8BcpSOK6jiXBCmM=,dmMZS4EL0dnkYJjqI9+OKsj4Y18=
-8,131,9UHAfjwFNrTQ8BcpSOK6jiXBCmM=,dmMZS4EL0dnkYJjqI9+OKsj4Y18=
-5,130,9UHAfjwFNrTQ8BcpSOK6jiXBCmM=,dmMZS4EL0dnkYJjqI9+OKsj4Y18=
-7,128,9UHAfjwFNrTQ8BcpSOK6jiXBCmM=,dmMZS4EL0dnkYJjqI9+OKsj4Y18=
-6,131,9UHAfjwFNrTQ8BcpSOK6jiXBCmM=,dmMZS4EL0dnkYJjqI9+OKsj4Y18=
-6,130,9UHAfjwFNrTQ8BcpSOK6jiXBCmM=,dmMZS4EL0dnkYJjqI9+OKsj4Y18=
-6,128,9UHAfjwFNrTQ8BcpSOK6jiXBCmM=,dmMZS4EL0dnkYJjqI9+OKsj4Y18=
-9,129,9UHAfjwFNrTQ8BcpSOK6jiXBCmM=,jzqTDEs9U/bDapWD+8gVIaHJxtg=
-5,128,9UHAfjwFNrTQ8BcpSOK6jiXBCmM=,dmMZS4EL0dnkYJjqI9+OKsj4Y18=
-7,129,9UHAfjwFNrTQ8BcpSOK6jiXBCmM=,dmMZS4EL0dnkYJjqI9+OKsj4Y18=
-7,130,9UHAfjwFNrTQ8BcpSOK6jiXBCmM=,dmMZS4EL0dnkYJjqI9+OKsj4Y18=
-8,129,9UHAfjwFNrTQ8BcpSOK6jiXBCmM=,dmMZS4EL0dnkYJjqI9+OKsj4Y18=
-8,128,9UHAfjwFNrTQ8BcpSOK6jiXBCmM=,dmMZS4EL0dnkYJjqI9+OKsj4Y18=
-6,129,9UHAfjwFNrTQ8BcpSOK6jiXBCmM=,dmMZS4EL0dnkYJjqI9+OKsj4Y18=
-8,130,9UHAfjwFNrTQ8BcpSOK6jiXBCmM=,dmMZS4EL0dnkYJjqI9+OKsj4Y18=
